% part3_2 = [[1.555; -2.242], [1.555; -1.142]];

part3_2 =[[1.555; -2.242],[1.555;-1.542],[1.558;-1.642],[1.558;-1.742],[1.458;-1.442]]
 x3_2 = part3_2(1,:);
 y3_2 = part3_2(2,:);
% 
% x = pi:-0.1:1.958
% p1 =   1.054e+16
% p2 =  -1.639e+16
% y = p1*x + p2
% 
% figure
%     plot(x,y,'b*')
%     hold on
%     plot(part3_2(1,:), part3_2(2,:),'r','linewidth',2)
%     grid on

part3_1 = [[1.958; -3.142], [1.658; -2.842], [1.552; -2.242]];
x3_1 = part3_1(1,:);
y3_1 = part3_1(2,:);

x = 1.958:-0.1:1.552
p1 =       11.48
p2 =      -42.51
p3 =       36.08
y = p1*x^2 + p2*x + p3

part3_2 = [[1.552; -2.242], [1.658; -1.842], [1.555; -1.142]];
x3_2 = part3_2(1,:);
y3_2 = part3_2(2,:);

x = 1.552:-0.1:1.658
p1 =      -3523
p2 =  1.131e+04
p3 =       -9074
y = p1*x^2 + p2*x + p3




